1 9 2 13 10 6 3 15 14 12 11 0v 7 0v 0v 0v 
12 10 3 0v 11 0v 9 0v 16 7 5 0v 6 0v 0v 0v 
15 7 16 8 14 12 0v 4 6 0v 0v 3 11 10 9 13 
6 5 11 0v 1 0v 0v 2 0v 13 10 9 8 14 3 12 
10 6 12 0v 5 14 2 0v 4 0v 8 0v 16 1 0v 7 
0v 0v 0v 2 15 1 7 11 9 3 0v 16 0v 12 8 4 
4 11 0v 1 0v 9 10 0v 0v 5 2 7 0v 0v 6 3 
16 3 7 0v 6 0v 0v 12 10 1 0v 11 0v 13 0v 9 
5 2 15 16 0v 8 6 9 3 14 7 10 4 0v 13 1 
14 4 10 0v 13 0v 0v 0v 5 0v 0v 0v 15 7 12 8 
9 13 1 0v 0v 10 14 7 2 8 15 12 0v 6 16 5 
7 8 6 12 3 16 15 5 13 11 4 1 2 9 10 14 
3 12 0v 10 2 0v 0v 16 7 6 13 14 9 8 15 11 
11 0v 0v 5 0v 15 12 14 0v 10 3 2 1 4 7 6 
2 0v 9 0v 8 11 0v 6 1 16 12 5 0v 0v 14 10 
8 0v 0v 0v 7 3 13 0v 0v 0v 9 15 0v 0v 5 2 
16
0:03
0
0